-8
1
13
14
-3
-16
-34
-5
-13
-46
-34
-4
-1
0
-34
1
81
-4
-1
5
-2
-12
-32
7
-11
-11
-3
-1
-44
-31
-7
-87
-27
-9
-22
15
-39
5
-14
-15
3
10
10
-57
0
-13
22
0
0
-20
-15
20
-112
27
-5
-15
17
-1
-78
-1
-47
8
1
-35
0
-55
20
-74
-32
-111
-6
-11
27
-116
32
19
-1
-3
-46
-11
-7
12
17
4
-1
-20
-30
-13
8
-7
5
-5
-32
17
-69
-3
-14
-4
-24
-23
-27
-26
-7
-43
2
-62
-27
-4
-21
-35
-60
-9
-10
-42
-36
-59
-46
-2
-8
-64
15
-4
1
-26
-58
3
-24
-21
-2
-12
8
-7
-1
-3
-18
-6
-16
-1
11
-13
7
7
-12
-11
0
-47
-3
1
-24
8
0
-4
-69
-10
0
-39
-12
0
-30
32
-38
-28
-33
4
7
-6
-12
-16
14
-2
-2
-10
-1
-29
-39
-18
-33
2
-43
-13
-12
0
-7
13
-46
-46
15
-127
-64
-39
-21
-2
-23
-21
-19
-73
34
-80
-43
-8
3
-4
-5
-52
-41
-5
-22
-3
-5
-32
-5
-105
-21
-31
0
-33
-4
-2
-12
-2
-48
-48
-31
12
0
3
0
-64
-89
-20
-38
-60
32
-34
-35
-24
-11
-39
-67
-14
-2
-37
13
-5
-2
-23
-1
-52
-5
-49
-31
-51
-46
-38
-38
-29
