12
9
-3
73
92
100
50
7
31
47
62
29
36
13
86
32
31
106
59
15
0
73
34
83
-5
70
58
36
21
-21
19
104
7
5
26
102
2
-54
21
16
13
96
8
37
24
36
42
31
99
28
-24
81
116
83
32
-16
-16
20
42
-30
-16
-15
56
2
65
7
13
49
66
17
40
56
50
74
16
-13
25
27
53
62
42
30
47
38
3
-1
9
76
22
21
84
67
47
25
9
78
29
-9
37
21
27
14
13
-3
33
52
47
100
71
30
54
87
39
35
62
5
5
20
19
48
18
61
36
39
81
27
3
32
26
4
71
23
28
33
4
-6
42
-3
3
11
67
121
-3
18
127
53
25
12
11
79
16
83
75
71
72
34
30
2
66
73
24
39
47
12
73
29
-30
57
59
-2
-6
31
23
18
107
39
10
-6
21
34
69
11
41
104
127
25
97
101
77
38
49
29
-9
72
103
-5
-32
70
60
17
26
44
-16
78
87
97
79
34
91
13
0
31
36
78
14
63
84
100
32
0
85
47
6
63
-5
33
-2
5
107
80
-6
89
74
30
-37
14
5
47
72
72
12
48
16
120
25
-14
27
52
-11
43
9
58
87
5
23
3
