20
13
-5
-5
18
-23
-18
11
-27
29
3
-101
23
-17
-56
28
8
-13
-8
-16
-10
7
1
4
-18
-25
14
-22
41
20
-29
4
-7
0
14
-6
20
-5
-7
3
-47
-1
26
-7
-14
-15
9
-10
-15
-4
1
4
30
-36
-3
-33
6
-11
6
-9
20
2
-23
-6
3
7
26
11
3
-19
-34
-1
-12
-19
3
-4
-2
5
6
-1
-31
-61
-3
-44
39
37
-33
9
-4
-10
-14
-43
-14
10
-14
27
-4
12
9
-19
7
-4
-39
8
-18
28
24
-20
-10
-34
-27
3
-16
-6
10
-37
-22
-6
-5
15
-25
-57
20
-32
27
-13
-65
18
-7
-13
-20
-40
0
-6
-16
12
-41
4
18
-3
13
-15
-9
1
-7
-2
1
-14
0
-3
-16
2
-33
-55
39
-1
35
-21
-35
14
-31
-19
7
-127
43
-65
-80
-14
-33
-22
5
-17
19
12
4
16
-107
-43
36
-16
-23
-12
22
9
-30
-39
34
-26
1
-4
12
49
-81
-14
13
-47
68
-33
-65
-21
8
-20
-6
-1
25
9
11
26
-9
-24
21
-9
17
3
-16
-14
10
10
-9
-48
-4
-9
-39
5
-22
20
-2
-16
11
17
13
15
11
-25
23
-34
5
17
4
-13
-49
-6
14
-8
24
-2
3
1
-2
-11
-25
-36
-7
25
-7
9
-24
-29
23
-39
41
28
-29
14
2
37
33
-7
-25
-5
21
1
-12
-4
-17
-30
-19
-5
6
10
-3
-14
7
7
34
5
38
-31
-13
-7
2
-6
31
-25
8
-30
-5
0
-6
-27
32
18
-20
8
-55
-11
35
-9
23
-13
-14
27
-6
1
6
-19
-6
-20
-11
-4
3
-3
17
-14
12
-7
-17
-8
-15
-9
12
-33
0
-9
-22
12
-20
6
2
9
33
16
12
-21
-1
-10
11
-19
12
12
-7
-18
-33
-33
24
-43
-2
-46
1
-3
-28
10
4
-28
7
-16
11
16
-22
-30
-4
-11
-10
6
-20
-3
-7
-23
25
-31
5
-18
-39
33
-10
-5
18
-2
16
-13
3
-15
-2
-1
26
-17
-1
6
-2
-36
-32
2
24
-72
40
-43
-64
43
-13
-10
20
-36
3
-5
-33
8
11
-50
35
-17
-38
24
33
-41
-6
-24
-5
-44
1
10
-14
23
-16
2
37
-43
-37
-14
23
11
-6
15
6
-14
9
23
0
-12
2
-24
-35
-22
23
3
-1
-12
4
-24
1
19
23
-9
1
15
-4
-22
-10
-8
-12
7
6
-12
-62
-51
5
-14
-5
-51
-20
-23
-6
2
2
0
-7
5
-5
-12
-4
-6
-24
-10
-5
2
-19
-6
-3
1
50
-19
22
20
30
8
-22
-10
-13
-23
-8
-32
-21
18
-22
-2
50
-1
7
15
4
8
16
-43
15
-52
12
7
52
-37
-20
-24
0
-15
18
0
-18
31
29
-7
-34
-13
29
-28
-20
-5
-1
-15
-5
4
12
-4
-13
7
10
-26
25
-34
38
-1
27
-23
-26
-11
6
-7
21
-5
-20
-2
3
13
-1
-2
23
0
25
-22
-10
-30
23
-30
17
9
-51
3
7
-13
-45
12
-2
43
41
6
-12
-6
-17
-44
26
14
-19
10
7
-1
-12
-29
7
29
2
-12
-32
4
-13
-36
47
3
-18
-1
26
9
22
-40
-22
-10
-41
4
-27
-24
3
16
27
6
-17
3
-29
-19
20
-8
36
30
-6
11
-5
-31
36
-13
43
-22
-6
34
8
-16
-7
-11
25
7
-5
2
-41
-37
13
-68
22
-28
-64
48
-31
-22
29
-32
49
8
2
-27
-62
11
35
-24
-15
-50
5
-12
-13
15
-7
-43
7
-16
23
18
-17
-33
12
-23
10
1
-1
34
-41
-13
10
10
17
1
-3
12
-72
-44
39
-36
14
11
-30
-5
24
-22
48
8
-8
-52
30
24
-7
3
-9
-48
-3
-16
-22
14
0
5
22
-36
27
0
25
-3
-1
-3
33
-32
26
-12
24
11
-24
-29
13
-14
22
2
-24
29
-63
-33
4
-5
15
15
-12
-16
4
-8
7
6
48
12
9
-9
-34
15
19
18
-5
-20
-9
-17
3
-25
18
-84
56
-70
-86
-24
-69
-30
9
-16
21
10
29
-30
-10
-5
28
-19
21
-19
-17
-14
-3
-19
16
-29
49
0
-32
24
-8
1
10
-10
9
5
-8
2
4
-8
-3
-38
8
-38
-17
11
5
-41
19
-28
6
-6
13
-47
-5
-2
-7
-2
-15
3
10
6
19
-42
30
-40
35
1
58
-31
-11
-1
24
-16
-23
-5
35
20
-26
-5
23
-8
31
-2
-4
4
-5
-1
6
-16
6
-16
-2
-5
7
-29
12
-50
1
43
10
-7
-24
-3
27
-49
-13
-19
-33
27
-23
-11
20
6
6
-10
-19
5
-7
-22
26
-49
12
22
15
-25
-69
-31
18
31
30
11
-8
-17
-15
-15
-12
-7
30
-4
-1
22
2
0
0
1
16
-1
-13
-6
-6
-20
-1
-31
-2
5
-21
-17
-47
-29
45
-14
4
-21
11
-25
-1
-24
-25
-7
8
25
27
10
-2
-1
2
-18
-30
-19
-5
0
-40
-25
66
-20
19
-18
71
-82
6
4
-16
-30
-2
0
-5
-10
-45
-16
-9
-21
-6
-14
-7
0
-19
1
19
-16
0
-6
-6
8
-12
0
3
-21
-7
-2
-6
17
4
-17
0
-7
-16
-18
5
12
-36
12
4
-8
-3
-12
-32
-13
-21
-12
25
-13
1
-18
-30
9
2
15
9
-1
-21
-2
33
-8
-7
7
13
-7
43
0
37
28
-36
-15
2
-53
-1
-22
-24
36
-37
-31
11
-3
22
-28
-21
18
-15
-5
4
-10
19
-3
35
13
-27
1
6
20
22
16
14
-2
-35
1
0
-48
16
12
4
22
-65
-22
20
-49
37
-68
-85
9
21
-2
-5
-62
20
-23
-33
25
5
31
-3
-98
2
-59
-66
22
-4
22
16
-9
46
9
2
-7
-5
-9
-9
15
26
28
18
9
1
-7
21
-3
37
1
5
16
-11
-14
0
11
18
-2
15
0
-21
37
-24
-51
12
27
-24
4
-14
-9
22
-25
26
13
-43
-20
-9
-8
0
-25
8
-7
-14
-2
-49
5
-8
-37
47
-20
-29
12
-6
-9
-4
-19
-25
-1
3
13
-68
4
9
-12
-2
-27
-31
4
-7
26
11
-32
-32
-23
-34
-3
-27
-28
-19
-4
1
3
-12
2
1
-4
26
-58
14
-18
-19
-4
-20
9
8
-14
-11
-11
13
1
6
-21
13
-33
-10
14
10
-7
-8
-34
-2
-9
-35
7
-7
16
6
-12
9
-28
0
-34
-12
12
2
-33
-19
3
-17
23
4
2
-28
26
-10
-12
3
3
-34
6
-40
-8
37
-21
3
-1
-7
-4
-16
-39
-18
-9
-20
11
25
30
5
11
-4
-34
12
-4
-21
1
-11
-8
-4
-12
-3
-1
-6
-18
-33
-14
10
-10
25
15
-19
-17
8
-19
-7
-30
-16
13
13
7
-43
-53
-2
-58
-7
-2
-6
13
-17
1
6
-28
7
-8
-16
10
-76
21
-9
-30
-12
25
9
-51
-20
-9
13
-24
11
-5
8
-10
-18
-17
11
-26
-10
-4
-7
13
-16
0
-16
-23
16
10
-21
5
-17
5
-1
-87
23
-18
-30
-25
-5
3
7
-54
-14
-43
-22
29
-17
-8
27
-4
25
-10
-12
-25
9
22
22
-30
-11
-23
-27
6
-20
-26
9
-30
5
47
16
-33
-34
26
-19
-36
5
-5
-24
-16
5
-15
24
-43
-17
-10
-12
3
2
-5
0
-20
11
-9
8
17
8
23
23
-20
-7
-15
-5
4
17
2
18
-23
28
-5
-25
-5
-17
-9
-12
-22
-2
30
19
-19
1
-19
13
-10
-6
-8
-3
4
7
-8
10
-3
13
10
8
-20
-5
-14
10
-20
14
-7
-30
-6
-23
-7
-5
-24
3
2
-6
-7
5
9
14
-8
-15
-3
-7
-21
21
-10
21
-4
32
-1
43
-11
-64
-23
19
2
-14
-20
-6
19
-10
7
14
5
-10
4
-34
4
-20
-17
-16
-24
-8
29
44
10
-15
11
-9
1
-23
18
-15
-6
-6
-1
-21
-17
-3
25
17
-21
-7
3
-12
-8
16
20
0
-5
5
-1
21
-29
13
13
-13
13
-16
-6
-2
-6
-3
20
2
2
0
-11
3
-11
7
-24
1
3
-9
-16
-5
-8
32
5
3
-5
-2
-19
5
-16
32
6
-26
9
40
-25
-45
-8
57
21
-13
0
-13
-11
3
-10
-3
17
-1
-1
-32
-14
0
-39
-2
-3
-39
-2
-40
-9
37
-29
-17
-12
9
-7
-23
6
-6
-16
53
1
-4
-18
-9
3
13
-23
0
-30
-19
7
-12
-14
-25
-30
-22
18
22
8
-10
-4
17
-20
-6
-7
10
3
-12
-13
16
-21
-12
-10
8
4
5
11
5
-16
28
18
-18
-15
-45
-7
43
-13
-14
-20
24
57
-8
-3
15
-4
15
-14
6
-2
-23
16
17
-7
57
-31
4
-36
-30
-3
5
-20
30
1
-11
12
3
-16
-1
-24
5
4
-15
1
-20
6
-8
4
-9
9
14
-2
-11
-18
2
-1
4
1
6
6
-26
-23
13
-47
8
2
-22
-8
1
3
7
-37
12
-15
7
-2
-25
-7
13
-7
20
-11
-4
21
-29
25
61
-27
20
-20
-10
-9
-12
21
9
0
-7
-27
-33
-24
-17
6
16
0
-17
-16
-7
22
-2
-1
-13
-25
-14
10
-5
-1
-39
-8
-4
-39
-15
1
-1
-25
0
-10
22
-40
-7
-36
-19
25
-59
-10
13
-40
-23
-23
-8
3
-25
4
-2
-13
3
-7
3
-13
-48
11
8
-25
3
-7
-44
-30
-26
-18
29
-110
46
-70
-91
-15
0
13
9
-46
13
4
-32
-10
-42
-27
1
36
37
7
12
-26
-21
-19
16
12
34
-14
-4
-6
-5
-34
59
-17
18
35
22
-35
-15
5
5
-20
2
2
-10
6
-1
-57
10
-47
6
16
-37
-45
-12
-5
-22
6
6
18
15
4
-19
-13
2
0
10
26
14
-10
-42
13
2
-32
36
-18
11
27
-44
6
6
-18
34
6
-22
34
-46
-51
16
17
-14
32
-2
3
6
-7
-8
-19
-10
12
-6
1
-15
-8
15
-6
14
7
6
-10
-3
0
-9
-13
-17
-21
8
16
-20
-8
9
-2
26
0
-3
-12
-14
-4
3
-18
40
-18
-18
-10
-6
-27
8
19
22
5
21
-28
-39
-24
41
-8
10
38
-17
-28
-16
-6
5
11
2
20
17
10
-10
30
52
-4
-11
-35
9
9
-7
-24
-8
-4
-24
-5
8
6
-49
-35
13
4
24
-25
-14
-1
0
-20
16
-15
-5
14
10
-14
-32
-19
19
-32
-4
-11
-22
34
-6
11
-25
-30
35
18
12
18
-6
-14
-7
-16
0
4
-2
9
-13
0
-45
-40
15
-20
-17
-19
2
28
-19
-39
5
-12
-16
-12
-5
-10
-3
-27
-26
4
-6
3
