-95
-42
-42
-87
-67
-59
-50
-76
-70
-91
-95
-45
-91
-80
-55
-92
-62
-42
-48
-81
-127
-55
-93
-70
-52
-86
-83
-64
-106
-46
-90
-67
-79
-104
-95
-44
-80
-86
-86
-94
-88
-61
-61
-67
-47
-83
-80
-48
-39
-62
-70
-55
-78
-72
-73
-43
-103
-98
-87
-103
-78
-76
-45
-94
-60
-71
-95
-76
-79
-101
-40
-51
-73
-89
-82
-88
-68
-89
-95
-90
-52
-41
-52
-42
-89
-91
-91
-53
-72
-101
-54
-47
-61
-95
-96
-55
-96
-89
-56
-39
-56
-39
-104
-84
-99
-66
-66
-51
-46
-61
-68
-57
-61
-80
-102
-102
-59
-49
-64
-101
-60
-49
-65
-74
-63
-101
-55
-98
-66
-89
-63
-108
-45
-75
-59
-122
-37
-123
-96
-90
-50
-56
-63
-66
-65
-68
-74
-70
-100
-95
-48
-64
-75
-78
-64
-92
-64
-89
-97
-88
-108
-69
-75
-41
-89
-75
-76
-60
-89
-121
-73
-77
-92
-63
-100
-99
-85
-75
-81
-41
-87
-47
-57
-62
-50
-35
-64
-55
-80
-87
-53
-37
-71
-75
-53
-87
-102
-106
-77
-59
-72
-58
-101
-80
-50
-48
-57
-86
-51
-89
-98
-74
-71
-102
-80
-60
-40
-43
-84
-99
-68
-64
-93
-68
-101
-48
-116
-88
-53
-77
-87
-98
-54
-65
-57
-50
-88
-89
-77
-81
-86
-48
-87
-62
-98
-90
-81
-83
-106
-79
-90
-91
-99
-77
-59
-96
